180803_pS262_auto&marker.Tif
contrast mid and contrast level LIST(mid-level)
20-100	50-100	100-150	112-150	124-150	136-150	148-150	160-150	172-150	184-150	196-150
near(x)	near neighbors
510	510	510
618	618	618	618	618	618
733	733	733	733	733
834	834	835	835
949	949	949	949
1059	1059	1058
1399	1399	1398	1397
1507	1507	1507	1506
1738	1738	1745	1745	1745	1745	1745	1752	1745	1745	1750	1745	1745	1745	1745	1745	1745	1745	1745	1745	1745	1745	1745
414	414	413
1168	1168	1169	1169
1280	1280	1281	1281
1626	1626	1626	1626	1626	1626
