180802_ps262_auto&marker.Tif
contrast mid and contrast level LIST(mid-level)
20-100	50-100	100-150	112-150	124-150	136-150	148-150	160-150	172-150	184-150	196-150
near(x)	near neighbors
481	481	481	481	481	481	482	481	481
590	590	591	590	591	591	591	591	591	590	591
1471	1471	1470	1470	1470	1470	1470	1470
1028	1028	1028	1028	1028	1028	1028	1027	1026
1136	1136	1137	1137	1137	1136	1136	1137	1137	1137
699	699	699	699	699	699	699	699	699
805	805	805	805	806	807	807	807	807
1251	1251	1247	1245	1244	1244	1245	1245	1245
1362	1362	1363	1362	1362	1363
379	379	380	381
915	915	915	915
